# Blender 3.5.1
# www.blender.org
mtllib stand.mtl
o Cube
v 0.270045 1.056909 -0.052602
v 0.270045 -0.640962 0.283038
v 0.270045 1.082063 0.074642
v 0.270045 -0.615808 0.410282
v 0.330413 1.056909 -0.052602
v 0.330413 -0.640962 0.283038
v 0.330413 1.082063 0.074642
v 0.330413 -0.615808 0.410282
vn -1.0000 -0.0000 -0.0000
vn -0.0000 0.1939 0.9810
vn 1.0000 -0.0000 -0.0000
vn -0.0000 -0.1939 -0.9810
vn -0.0000 0.9810 -0.1939
vn -0.0000 -0.9810 0.1939
vt 0.375000 0.000000
vt 0.375000 1.000000
vt 0.125000 0.750000
vt 0.625000 0.000000
vt 0.625000 1.000000
vt 0.875000 0.750000
vt 0.125000 0.500000
vt 0.375000 0.250000
vt 0.625000 0.250000
vt 0.875000 0.500000
vt 0.375000 0.750000
vt 0.625000 0.750000
vt 0.375000 0.500000
vt 0.625000 0.500000
s 0
f 2/4/1 3/8/1 1/1/1
f 4/9/2 7/13/2 3/8/2
f 8/14/3 5/11/3 7/13/3
f 6/12/4 1/2/4 5/11/4
f 7/13/5 1/3/5 3/7/5
f 4/10/6 6/12/6 8/14/6
f 2/4/1 4/9/1 3/8/1
f 4/9/2 8/14/2 7/13/2
f 8/14/3 6/12/3 5/11/3
f 6/12/4 2/5/4 1/2/4
f 7/13/5 5/11/5 1/3/5
f 4/10/6 2/6/6 6/12/6
o Cube.001
v 0.270045 1.078528 -0.063231
v 0.270045 -0.608447 -0.449928
v 0.270045 1.049548 0.063196
v 0.270045 -0.637427 -0.323501
v 0.330413 1.078528 -0.063231
v 0.330413 -0.608447 -0.449928
v 0.330413 1.049548 0.063196
v 0.330413 -0.637427 -0.323501
vn -1.0000 -0.0000 -0.0000
vn -0.0000 -0.2234 0.9747
vn 1.0000 -0.0000 -0.0000
vn -0.0000 0.2234 -0.9747
vn -0.0000 0.9747 0.2234
vn -0.0000 -0.9747 -0.2234
vt 0.375000 0.000000
vt 0.375000 1.000000
vt 0.125000 0.750000
vt 0.625000 0.000000
vt 0.625000 1.000000
vt 0.875000 0.750000
vt 0.125000 0.500000
vt 0.375000 0.250000
vt 0.625000 0.250000
vt 0.875000 0.500000
vt 0.375000 0.750000
vt 0.625000 0.750000
vt 0.375000 0.500000
vt 0.625000 0.500000
s 0
f 10/18/7 11/22/7 9/15/7
f 12/23/8 15/27/8 11/22/8
f 16/28/9 13/25/9 15/27/9
f 14/26/10 9/16/10 13/25/10
f 15/27/11 9/17/11 11/21/11
f 12/24/12 14/26/12 16/28/12
f 10/18/7 12/23/7 11/22/7
f 12/23/8 16/28/8 15/27/8
f 16/28/9 14/26/9 13/25/9
f 14/26/10 10/19/10 9/16/10
f 15/27/11 13/25/11 9/17/11
f 12/24/12 10/20/12 14/26/12
o Cube.002
v -0.371480 1.069199 -0.053493
v -0.371480 -0.628672 0.282147
v -0.371480 1.094353 0.073751
v -0.371480 -0.603518 0.409391
v -0.311112 1.069199 -0.053493
v -0.311112 -0.628672 0.282147
v -0.311112 1.094353 0.073751
v -0.311112 -0.603518 0.409391
vn -1.0000 -0.0000 -0.0000
vn -0.0000 0.1939 0.9810
vn 1.0000 -0.0000 -0.0000
vn -0.0000 -0.1939 -0.9810
vn -0.0000 0.9810 -0.1939
vn -0.0000 -0.9810 0.1939
vt 0.375000 0.000000
vt 0.375000 1.000000
vt 0.125000 0.750000
vt 0.625000 0.000000
vt 0.625000 1.000000
vt 0.875000 0.750000
vt 0.125000 0.500000
vt 0.375000 0.250000
vt 0.625000 0.250000
vt 0.875000 0.500000
vt 0.375000 0.750000
vt 0.625000 0.750000
vt 0.375000 0.500000
vt 0.625000 0.500000
s 0
f 18/32/13 19/36/13 17/29/13
f 20/37/14 23/41/14 19/36/14
f 24/42/15 21/39/15 23/41/15
f 22/40/16 17/30/16 21/39/16
f 23/41/17 17/31/17 19/35/17
f 20/38/18 22/40/18 24/42/18
f 18/32/13 20/37/13 19/36/13
f 20/37/14 24/42/14 23/41/14
f 24/42/15 22/40/15 21/39/15
f 22/40/16 18/33/16 17/30/16
f 23/41/17 21/39/17 17/31/17
f 20/38/18 18/34/18 22/40/18
o Cube.003
v -0.371480 1.106010 -0.064122
v -0.371480 -0.580965 -0.450819
v -0.371480 1.077030 0.062305
v -0.371480 -0.609945 -0.324392
v -0.311112 1.106010 -0.064122
v -0.311112 -0.580965 -0.450819
v -0.311112 1.077030 0.062305
v -0.311112 -0.609945 -0.324392
vn -1.0000 -0.0000 -0.0000
vn -0.0000 -0.2234 0.9747
vn 1.0000 -0.0000 -0.0000
vn -0.0000 0.2234 -0.9747
vn -0.0000 0.9747 0.2234
vn -0.0000 -0.9747 -0.2234
vt 0.375000 0.000000
vt 0.375000 1.000000
vt 0.125000 0.750000
vt 0.625000 0.000000
vt 0.625000 1.000000
vt 0.875000 0.750000
vt 0.125000 0.500000
vt 0.375000 0.250000
vt 0.625000 0.250000
vt 0.875000 0.500000
vt 0.375000 0.750000
vt 0.625000 0.750000
vt 0.375000 0.500000
vt 0.625000 0.500000
s 0
f 26/46/19 27/50/19 25/43/19
f 28/51/20 31/55/20 27/50/20
f 32/56/21 29/53/21 31/55/21
f 30/54/22 25/44/22 29/53/22
f 31/55/23 25/45/23 27/49/23
f 28/52/24 30/54/24 32/56/24
f 26/46/19 28/51/19 27/50/19
f 28/51/20 32/56/20 31/55/20
f 32/56/21 30/54/21 29/53/21
f 30/54/22 26/47/22 25/44/22
f 31/55/23 29/53/23 25/45/23
f 28/52/24 26/48/24 30/54/24
